949
24 891
78 576
569 445
459 633
46 40
582 305
541 263
381 545
874 572
596 296
429 24
655 322
474 577
30 457
148 133
523 663
456 25
210 14
651 462
66 92
468 69
460 857
88 80
132 100
43 67
918 560
39 124
278 636
65 50
822 570
846 755
283 180
228 253
32 39
161 690
88 215
834 833
718 548
402 105
612 473
365 144
637 115
111 250
646 574
685 518
447 17
485 268
305 635
936 217
146 80
75 554
393 767
611 613
571 764
868 550
129 207
171 107
104 125
27 87
517 78
258 134
457 896
52 34
691 659
200 743
353 232
39 705
794 522
344 602
344 184
841 160
68 34
352 316
488 266
765 93
736 617
258 881
816 355
84 672
44 551
48 172
864 861
378 920
858 245
696 347
444 709
82 213
390 544
88 360
404 627
191 313
478 122
219 890
843 704
183 29
756 435
90 462
858 893
318 630
351 443
103 693
37 9
70 295
931 821
667 512
133 157
529 226
311 660
930 280
848 478
1 511
673 692
172 821
29 16
688 733
776 541
25 789
427 39
363 171
303 13
41 5
135 514
51 388
63 191
117 193
887 227
432 591
259 390
570 436
205 292
568 658
430 492
94 266
2 97
251 279
238 659
71 184
267 80
411 831
668 458
344 374
148 520
133 261
527 38
437 285
556 332
129 10
175 738
97 680
820 187
134 332
24 901
138 22
2 82
276 876
900 275
235 177
339 452
50 286
750 234
278 526
937 594
431 862
560 350
469 922
45 93
105 325
565 308
640 909
378 666
479 416
230 345
113 244
4 700
105 26
723 534
502 133
13 14
351 303
95 798
772 602
42 33
523 220
842 697
91 185
915 667
308 140
84 39
75 72
147 118
373 132
295 932
845 652
270 247
906 196
30 26
739 888
109 719
676 444
399 947
107 158
762 628
173 405
178 189
65 465
13 36
205 287
52 441
231 276
369 243
150 359
143 163
249 440
851 897
625 308
525 346
159 98
157 239
29 218
232 189
908 49
167 122
825 391
143 14
77 29
139 911
210 371
450 303
223 174
17 130
367 166
540 355
170 147
535 410
86 21
437 913
711 481
370 40
165 902
208 340
8 714
600 15
73 122
462 654
289 153
135 702
107 104
628 60
88 133
22 23
84 537
680 766
189 312
917 507
919 82
251 11
253 260
178 13
1 257
879 871
53 26
452 706
468 528
56 30
473 17
291 626
242 297
186 163
328 230
811 478
433 265
98 93
74 126
656 90
254 504
941 782
97 608
172 300
658 859
662 399
275 1
70 131
188 36
567 338
200 160
533 328
321 177
162 83
189 524
407 29
550 542
479 546
538 104
408 9
400 464
463 307
273 12
28 74
53 60
18 83
622 757
84 272
285 182
241 55
875 212
288 280
590 873
686 584
130 413
745 181
573 27
751 863
4 9
59 607
759 538
395 89
349 642
102 775
383 54
202 604
66 387
444 623
932 945
193 618
329 58
580 420
526 641
398 251
253 575
773 100
791 550
622 679
673 793
28 229
460 670
55 35
484 92
559 476
264 113
6 755
73 444
28 649
605 394
710 639
183 401
7 28
164 69
946 403
614 424
942 456
1 202
620 131
127 140
380 675
231 14
80 37
371 860
463 748
200 204
2 1
86 117
106 168
78 149
58 697
246 145
23 38
493 181
194 410
568 133
21 14
198 601
19 899
131 409
72 5
109 42
226 255
397 258
94 127
386 611
380 49
306 60
114 445
739 634
62 166
142 245
46 319
428 451
914 211
507 433
57 12
332 687
787 341
389 722
27 94
98 566
6 15
871 135
481 367
780 837
90 327
151 195
511 645
712 749
910 320
648 362
216 37
86 386
106 209
350 594
196 141
138 323
832 501
92 144
50 48
17 34
339 530
157 536
101 856
302 85
435 172
624 415
503 391
64 113
304 157
168 169
324 151
242 205
464 518
3 7
290 606
895 640
815 106
592 246
851 26
356 5
80 112
497 548
121 491
81 480
48 14
91 87
237 106
64 85
490 500
258 290
497 465
205 91
148 415
302 622
605 778
160 584
563 167
927 16
852 125
39 542
505 343
83 758
828 551
453 222
884 32
131 256
498 48
14 24
28 350
320 249
657 506
333 735
70 5
555 420
42 496
111 63
665 200
38 943
805 440
178 438
724 802
104 903
120 35
940 318
737 39
53 61
118 203
619 808
79 431
336 289
780 586
333 90
325 326
747 495
195 806
179 228
494 788
259 597
87 177
116 277
330 768
114 97
67 182
82 217
813 31
432 583
54 103
48 181
391 129
106 26
799 132
361 151
418 494
486 482
250 712
174 905
27 823
817 586
324 349
434 335
334 224
916 626
77 362
51 59
23 78
280 171
222 180
274 237
475 330
294 151
39 448
273 717
543 155
850 447
311 181
425 163
264 515
428 256
678 320
346 342
547 476
342 87
924 235
784 627
184 310
598 474
259 532
671 577
481 531
173 164
194 38
106 384
112 455
14 16
129 829
211 28
553 409
153 254
65 263
640 610
269 222
220 85
483 123
838 696
267 839
312 652
48 418
102 94
501 279
2 716
10 521
131 248
542 653
7 11
131 282
212 60
20 12
810 926
317 571
49 99
175 24
742 847
220 265
812 323
618 638
645 944
385 499
38 180
428 827
863 933
121 38
134 68
589 202
449 639
512 442
495 389
552 495
411 391
41 621
238 230
30 118
760 425
87 797
7 35
728 57
923 211
83 934
399 854
310 522
146 309
561 507
45 76
155 588
49 71
713 459
568 904
616 280
278 188
108 430
176 56
412 354
28 64
208 472
885 599
590 222
243 35
345 779
151 13
23 32
55 141
111 800
36 63
343 183
43 123
64 579
694 93
79 790
29 33
40 54
476 326
136 949
382 449
296 379
877 809
574 688
141 154
417 87
37 47
730 608
258 682
763 730
38 66
819 401
564 540
213 271
96 100
490 836
298 156
744 69
346 796
866 111
572 44
5 929
629 494
54 458
69 57
26 22
631 703
357 143
889 590
11 18
777 51
192 164
660 795
60 73
116 5
11 12
725 468
175 201
335 239
928 488
227 153
684 596
45 557
186 814
198 939
804 460
228 669
938 7
363 771
568 704
156 118
50 469
240 15
446 286
39 155
869 305
78 214
141 358
226 23
420 470
281 201
469 632
62 314
45 206
6 1
861 332
78 247
562 395
447 615
585 166
615 734
849 146
341 921
58 32
120 296
695 188
4 364
13 40
741 542
403 93
160 378
49 454
260 301
574 442
840 334
534 770
803 948
389 359
316 122
781 109
457 801
197 132
164 372
400 609
382 123
4 8
160 423
870 569
208 318
4 10
467 506
681 585
91 208
634 492
786 89
153 49
163 330
154 461
133 826
90 87
18 104
379 509
267 721
807 684
628 803
33 152
462 631
707 45
518 774
96 119
38 419
467 399
19 5
43 20
77 110
381 643
16 22
577 726
477 882
261 549
810 503
91 136
35 101
442 310
431 516
414 224
293 87
420 288
337 304
70 466
31 21
892 237
48 179
202 578
85 426
508 464
7 49
46 259
210 236
82 96
708 117
100 644
16 17
534 524
354 90
340 593
20 150
479 519
742 60
925 625
254 792
898 116
42 305
754 743
99 139
313 586
872 96
98 347
174 66
457 865
326 400
5 3
71 729
62 224
388 673
252 154
199 127
145 105
234 487
331 109
291 162
366 193
51 50
13 513
162 230
54 385
912 661
871 886
818 432
89 24
210 392
63 731
746 650
421 333
149 724
95 20
26 883
308 558
44 7
13 6
396 222
619 343
238 317
67 610
187 76
416 150
631 751
539 878
406 362
214 650
432 170
62 18
527 830
40 115
95 394
420 732
652 727
393 243
761 24
482 196
21 79
558 809
219 142
55 225
316 752
490 178
643 664
144 284
353 824
198 9
880 90
317 424
137 53
91 142
907 439
637 677
327 399
44 698
782 172
603 97
357 833
867 773
4 1
348 60
102 161
74 471
128 124
474 378
71 701
511 835
233 194
542 785
422 328
603 674
268 267
376 96
161 661
81 58
108 160
36 45
234 153
404 354
136 190